Year	Average Kilometers	5 Year Total Kilometers
1900	4.969282108	24.84641054
1901	4.969282108	24.84641054
1902	4.969282108	24.84641054
1903	4.969282108	24.84641054
1904	4.969282108	24.84641054
1905	4.969282108	24.84641054
1906	2.663837303	13.31918651
1907	2.663837303	13.31918651
1908	2.663837303	13.31918651
1909	2.663837303	13.31918651
1910	2.663837303	13.31918651
1911	4.954662544	24.77331272
1912	4.954662544	24.77331272
1913	4.954662544	24.77331272
1914	4.954662544	24.77331272
1915	4.954662544	24.77331272
1916	7.26439226	36.3219613
1917	7.26439226	36.3219613
1918	7.26439226	36.3219613
1919	7.26439226	36.3219613
1920	7.26439226	36.3219613
1921	11.89422081	59.47110403
1922	11.89422081	59.47110403
1923	11.89422081	59.47110403
1924	11.89422081	59.47110403
1925	11.89422081	59.47110403
1926	12.11015438	60.55077191
1927	12.11015438	60.55077191
1928	12.11015438	60.55077191
1929	12.11015438	60.55077191
1930	12.11015438	60.55077191
1931	11.81737809	59.08689046
1932	11.81737809	59.08689046
1933	11.81737809	59.08689046
1934	11.81737809	59.08689046
1935	11.81737809	59.08689046
1936	11.78017898	58.9008949
1937	11.78017898	58.9008949
1938	11.78017898	58.9008949
1939	11.78017898	58.9008949
1940	11.78017898	58.9008949
1941	13.4756535	67.37826751
1942	13.4756535	67.37826751
1943	13.4756535	67.37826751
1944	13.4756535	67.37826751
1945	13.4756535	67.37826751
1946	16.13032342	80.65161712
1947	16.13032342	80.65161712
1948	16.13032342	80.65161712
1949	16.13032342	80.65161712
1950	16.13032342	80.65161712
1951	13.65406701	68.27033505
1952	13.65406701	68.27033505
1953	13.65406701	68.27033505
1954	13.65406701	68.27033505
1955	13.65406701	68.27033505
1956	3.174134185	15.87067092
1957	3.174134185	15.87067092
1958	3.174134185	15.87067092
1959	3.174134185	15.87067092
1960	3.174134185	15.87067092
1961	6.878991144	34.39495572
1962	6.878991144	34.39495572
1963	6.878991144	34.39495572
1964	6.878991144	34.39495572
1965	6.878991144	34.39495572
1966	6.870825351	34.35412676
1967	6.870825351	34.35412676
1968	6.870825351	34.35412676
1969	6.870825351	34.35412676
1970	6.870825351	34.35412676
1971	7.007844802	35.03922401
1972	7.007844802	35.03922401
1973	7.007844802	35.03922401
1974	7.007844802	35.03922401
1975	7.007844802	35.03922401
1976	16.57389487	82.86947437
1977	16.57389487	82.86947437
1978	16.57389487	82.86947437
1979	16.57389487	82.86947437
1980	16.57389487	82.86947437
1981	11.97705348	59.88526741
1982	11.97705348	59.88526741
1983	11.97705348	59.88526741
1984	11.97705348	59.88526741
1985	11.97705348	59.88526741
1986	16.40911692	82.04558462
1987	16.40911692	82.04558462
1988	16.40911692	82.04558462
1989	16.40911692	82.04558462
1990	16.40911692	82.04558462
1991	21.22306143	106.1153072
1992	21.22306143	106.1153072
1993	21.22306143	106.1153072
1994	21.22306143	106.1153072
1995	21.22306143	106.1153072
1996	47.44660648	237.2330324
1997	47.44660648	237.2330324
1998	47.44660648	237.2330324
1999	47.44660648	237.2330324
2000	47.44660648	237.2330324
2001	55.40915717	277.0457859
2002	55.40915717	277.0457859
2003	55.40915717	277.0457859
2004	55.40915717	277.0457859
2005	55.40915717	277.0457859
2006	51.81410307	259.0705154
2007	51.81410307	259.0705154
2008	51.81410307	259.0705154
2009	51.81410307	259.0705154
2010	51.81410307	259.0705154
2011	53.43994952	267.1997476
2012	53.43994952	267.1997476
2013	53.43994952	267.1997476
2014	53.43994952	267.1997476
2015	53.43994952	267.1997476
2016	42.98720203	214.9360101
2017	42.98720203	214.9360101
2018	42.98720203	214.9360101
2019	42.98720203	214.9360101
2020	42.98720203	214.9360101
2021	39.98160252	199.9080126
2022	39.98160252	199.9080126
